Designator	Part	Midx	Midy	Refx	Refy	Padx	Pady	TB	Rotation
Lr03c09	PLCC-6	2.764	1.398	2.764	1.398	2.697	1.437	Top	0.0
Lr04c13	PLCC-6	3.787	1.614	3.787	1.614	3.720	1.654	Top	0.0
RRRSET	0603	3.972	2.069	3.972	2.069	3.972	2.098	Top	0.0
RRMSET	0603	2.559	2.069	2.559	2.069	2.559	2.098	Top	0.0
Lr05c00	PLCC-6	0.480	1.831	0.480	1.831	0.413	1.870	Top	0.0
RBLSET	0603	1.606	2.069	1.606	2.069	1.606	2.098	Top	0.0
CGRCC	0805	3.394	2.589	3.394	2.589	3.356	2.589	Top	90.0
Lr05c01	PLCC-6	0.736	1.831	0.736	1.831	0.669	1.870	Top	0.0
CBYPIN1	0805	0.728	0.069	0.728	0.069	0.728	0.106	Bottom	0.0
Lr03c04	PLCC-6	1.484	1.398	1.484	1.398	1.417	1.437	Top	0.0
Lr04c03	PLCC-6	1.228	1.614	1.228	1.614	1.161	1.654	Top	0.0
CX1	0603	0.226	2.234	0.226	2.234	0.226	2.205	Top	180.0
LGL	Ind	0.555	2.484	0.555	2.484	0.555	2.366	Bottom	180.0
RFB1	0402a	2.424	0.413	2.424	0.413	2.441	0.413	Top	90.0
RNTC	0402a	1.529	0.404	1.529	0.404	1.545	0.404	Top	90.0
CRMCC	0805	2.450	2.586	2.450	2.586	2.413	2.586	Top	90.0
CGLSS	0603	0.356	2.079	0.356	2.079	0.386	2.079	Bottom	-90.0
CBYPIN2	0805	0.819	0.167	0.819	0.167	0.781	0.167	Bottom	90.0
Lr01c01	PLCC-6	0.736	0.965	0.736	0.965	0.669	1.004	Top	0.0
CCX	0603	1.801	0.354	1.801	0.354	1.801	0.325	Top	180.0
RRRISP	0805	3.646	2.559	3.646	2.559	3.646	2.596	Bottom	0.0
RBLFG	0603	1.352	2.069	1.352	2.069	1.352	2.098	Top	0.0
MN1	SO8	0.917	0.311	0.807	0.236	0.807	0.236	Bottom	-90.0
MRL	SO8	0.983	2.138	1.058	2.028	1.058	2.028	Bottom	0.0
RRLRT	0603	0.827	2.069	0.827	2.069	0.827	2.098	Top	0.0
UGR	QFN 5x9	3.346	2.343	3.346	2.343	3.441	2.209	Top	180.0
Lr03c05	PLCC-6	1.740	1.398	1.740	1.398	1.673	1.437	Top	0.0
CGRIN	0805	3.488	2.071	3.488	2.071	3.488	2.033	Bottom	180.0
CRMG	0603	2.427	2.043	2.427	2.043	2.457	2.043	Top	-90.0
RCS9	0402a	3.855	0.413	3.855	0.413	3.872	0.413	Top	90.0
LBL	Ind	1.500	2.484	1.500	2.484	1.500	2.366	Bottom	180.0
RBLRT	0603	1.316	2.064	1.316	2.064	1.346	2.064	Bottom	-90.0
CBULK	Cap2917	1.154	0.551	1.154	0.551	1.154	0.551	Top	0.0
RRMFG	0603	2.299	2.069	2.299	2.069	2.299	2.098	Top	0.0
Lr05c09	PLCC-6	2.764	1.831	2.764	1.831	2.697	1.870	Top	0.0
Lr05c03	PLCC-6	1.228	1.831	1.228	1.831	1.161	1.870	Top	0.0
Lr00c13	PLCC-6	3.787	0.748	3.787	0.748	3.720	0.787	Top	0.0
RRLSET	0603	1.142	2.069	1.142	2.069	1.142	2.098	Top	0.0
RCS8	0402a	3.855	0.472	3.855	0.472	3.872	0.472	Top	90.0
Lr01c03	PLCC-6	1.228	0.965	1.228	0.965	1.161	1.004	Top	0.0
U3	BGA25-6.25x6.25	2.492	0.257	2.492	0.257	2.492	0.257	Top	180.0
RCS10	0402a	3.855	0.384	3.855	0.384	3.872	0.384	Top	90.0
RBLFF	0603	1.402	2.069	1.402	2.069	1.402	2.039	Top	180.0
RGMFG	0603	1.803	2.069	1.803	2.069	1.803	2.098	Top	0.0
RBRTS	0603	4.385	2.089	4.385	2.089	4.385	2.119	Top	0.0
MGM	SO8	1.928	2.141	2.003	2.031	2.003	2.031	Bottom	0.0
CBM	Cap2917	2.701	2.274	2.701	2.274	2.701	2.274	Bottom	90.0
UXL	LGA14 (5x3)	4.278	0.437	4.278	0.437	4.234	0.516	Top	0.0
RGLFF	0603	0.441	2.069	0.441	2.069	0.441	2.039	Top	180.0
MBM	SO8	2.873	2.141	2.948	2.031	2.948	2.031	Bottom	0.0
CSS86	0603	0.915	0.364	0.915	0.364	0.886	0.364	Top	90.0
CBOUT3	0805	0.996	0.305	0.996	0.305	1.033	0.305	Top	-90.0
RIN	0805	0.638	0.108	0.638	0.108	0.600	0.108	Bottom	90.0
Lr00c02	PLCC-6	0.992	0.748	0.992	0.748	0.925	0.787	Top	0.0
Lr04c08	PLCC-6	2.508	1.614	2.508	1.614	2.441	1.654	Top	0.0
RCS7	0402a	3.855	0.443	3.855	0.443	3.872	0.443	Top	90.0
Lr01c08	PLCC-6	2.508	0.965	2.508	0.965	2.441	1.004	Top	0.0
UBR	QFN 5x9	4.291	2.343	4.291	2.343	4.386	2.209	Top	180.0
RCS3	0402a	3.957	0.597	3.957	0.597	3.957	0.581	Top	0.0
RCS4	0402a	4.035	0.597	4.035	0.597	4.035	0.581	Top	0.0
CBRIN	0805	4.433	2.071	4.433	2.071	4.433	2.033	Bottom	180.0
CRLG	0603	1.010	2.043	1.010	2.043	1.039	2.043	Top	-90.0
CGLG	0603	0.530	2.043	0.530	2.043	0.559	2.043	Top	-90.0
Lr01c13	PLCC-6	3.787	0.965	3.787	0.965	3.720	1.004	Top	0.0
CBLIN	0805	1.598	2.071	1.598	2.071	1.598	2.033	Bottom	180.0
CCC	0402a	1.604	0.101	1.604	0.101	1.604	0.085	Top	0.0
CIBMON	0402a	1.781	0.210	1.781	0.210	1.781	0.226	Top	180.0
RSP	0402a	0.817	0.210	0.817	0.210	0.817	0.193	Top	0.0
Lr05c02	PLCC-6	0.992	1.831	0.992	1.831	0.925	1.870	Top	0.0
CRRSS	0603	3.663	2.075	3.663	2.075	3.693	2.075	Bottom	-90.0
RFREQ86	0603	0.831	0.463	0.831	0.463	0.831	0.492	Top	0.0
Lr01c02	PLCC-6	0.992	0.965	0.992	0.965	0.925	1.004	Top	0.0
Lr05c06	PLCC-6	1.996	1.831	1.996	1.831	1.929	1.870	Top	0.0
CRLSS	0603	0.829	2.075	0.829	2.075	0.858	2.075	Bottom	-90.0
Lr03c15	PLCC-6	4.299	1.398	4.299	1.398	4.232	1.437	Top	0.0
CGRSS	0603	3.191	2.079	3.191	2.079	3.220	2.079	Bottom	-90.0
CBRSS	0603	4.050	2.074	4.050	2.074	4.079	2.074	Bottom	-90.0
Lr02c10	PLCC-6	3.020	1.181	3.020	1.181	2.953	1.220	Top	0.0
Lr02c02	PLCC-6	0.992	1.181	0.992	1.181	0.925	1.220	Top	0.0
RRRTS	0603	3.921	2.069	3.921	2.069	3.921	2.098	Top	0.0
Lr00c04	PLCC-6	1.484	0.748	1.484	0.748	1.417	0.787	Top	0.0
Lr00c06	PLCC-6	1.996	0.748	1.996	0.748	1.929	0.787	Top	0.0
Lr01c05	PLCC-6	1.740	0.965	1.740	0.965	1.673	1.004	Top	0.0
Lr00c10	PLCC-6	3.016	0.748	3.016	0.748	2.949	0.787	Top	0.0
Lr02c06	PLCC-6	1.996	1.181	1.996	1.181	1.929	1.220	Top	0.0
MBR	SO8	4.290	2.141	4.365	2.031	4.365	2.031	Bottom	0.0
CBGATE	0402a	1.476	0.312	1.476	0.312	1.476	0.295	Top	0.0
CRMSS	0603	2.246	2.075	2.246	2.075	2.276	2.075	Bottom	-90.0
CRM	Cap2917	2.228	2.270	2.228	2.270	2.228	2.270	Bottom	90.0
RBMISP	0805	2.701	2.563	2.701	2.563	2.701	2.600	Bottom	0.0
RGRISP	0805	3.150	2.560	3.150	2.560	3.150	2.597	Bottom	0.0
RGLFG	0603	0.386	2.069	0.386	2.069	0.386	2.098	Top	0.0
CBMSS	0603	2.632	2.074	2.632	2.074	2.662	2.074	Bottom	-90.0
X1	XTAL_2520	0.158	2.267	0.158	2.267	0.130	2.232	Top	90.0
DGM	PowerDi	2.071	2.201	2.071	2.248	2.071	2.248	Bottom	-90.0
Lr01c07	PLCC-6	2.252	0.965	2.252	0.965	2.185	1.004	Top	0.0
UGM	QFN 5x9	1.929	2.343	1.929	2.343	2.024	2.209	Top	180.0
DBL	PowerDi	1.598	2.201	1.598	2.248	1.598	2.248	Bottom	-90.0
RGDIS	0402a	1.486	0.210	1.486	0.210	1.486	0.226	Top	180.0
Lr03c14	PLCC-6	4.043	1.398	4.043	1.398	3.976	1.437	Top	0.0
Lr04c06	PLCC-6	1.996	1.614	1.996	1.614	1.929	1.654	Top	0.0
DGR	PowerDi	3.488	2.201	3.488	2.248	3.488	2.248	Bottom	-90.0
Lr02c08	PLCC-6	2.508	1.181	2.508	1.181	2.441	1.220	Top	0.0
RFREQ	0603	2.452	0.257	2.452	0.257	2.482	0.257	Bottom	-90.0
Lr03c03	PLCC-6	1.228	1.398	1.228	1.398	1.161	1.437	Top	0.0
LRM	Ind	2.445	2.480	2.445	2.480	2.445	2.362	Bottom	180.0
Lr03c01	PLCC-6	0.736	1.398	0.736	1.398	0.669	1.437	Top	0.0
J2	USB Micro-B	0.203	0.463	0.238	0.463	0.238	0.411	Bottom	-90.0
Lr04c01	PLCC-6	0.736	1.614	0.736	1.614	0.669	1.654	Top	0.0
CGRG	0603	3.364	2.043	3.364	2.043	3.394	2.043	Top	-90.0
CBSW	0603	0.679	0.295	0.679	0.295	0.679	0.325	Top	0.0
MGR	SO8	3.345	2.141	3.420	2.031	3.420	2.031	Bottom	0.0
Lr03c11	PLCC-6	3.276	1.398	3.276	1.398	3.209	1.437	Top	0.0
CBLCC	0805	1.504	2.589	1.504	2.589	1.467	2.589	Top	90.0
CSS1	0603	2.521	0.415	2.521	0.415	2.492	0.415	Top	90.0
RGRSET	0603	3.555	2.174	3.555	2.174	3.555	2.203	Bottom	0.0
CGMIN	0805	2.071	2.071	2.071	2.071	2.071	2.033	Bottom	180.0
RBFB	0402a	1.476	0.322	1.476	0.322	1.476	0.305	Bottom	0.0
CGR	Cap2917	3.173	2.274	3.173	2.274	3.173	2.274	Bottom	90.0
RVMH	0402a	1.801	0.076	1.801	0.076	1.801	0.059	Top	0.0
RVML	0402a	1.801	0.141	1.801	0.141	1.801	0.124	Top	0.0
RBATIS	0805	1.427	0.238	1.427	0.238	1.427	0.201	Top	180.0
Lr05c07	PLCC-6	2.252	1.831	2.252	1.831	2.185	1.870	Top	0.0
RFB2	0402a	2.424	0.098	2.424	0.098	2.441	0.098	Top	90.0
U1	UFD28 (4x5QFN)	1.614	0.256	1.614	0.256	1.693	0.187	Top	90.0
UBL	QFN 5x9	1.457	2.343	1.457	2.343	1.551	2.209	Top	180.0
RRTPU	0402a	3.789	0.529	3.789	0.529	3.789	0.512	Top	0.0
DBM	PowerDi	3.016	2.201	3.016	2.248	3.016	2.248	Bottom	-90.0
Lr01c12	PLCC-6	3.531	0.965	3.531	0.965	3.465	1.004	Top	0.0
LBR	Ind	4.335	2.484	4.335	2.484	4.335	2.366	Bottom	180.0
Lr02c04	PLCC-6	1.484	1.181	1.484	1.181	1.417	1.220	Top	0.0
R86FBG	0402a	0.781	0.210	0.781	0.210	0.781	0.226	Top	-180.0
RRRFG	0603	3.717	2.069	3.717	2.069	3.717	2.098	Top	0.0
Lr04c12	PLCC-6	3.531	1.614	3.531	1.614	3.465	1.654	Top	0.0
Lr00c03	PLCC-6	1.228	0.748	1.228	0.748	1.161	0.787	Top	0.0
RCS5	0402a	4.075	0.597	4.075	0.597	4.075	0.581	Top	0.0
RCS6	0402a	3.996	0.597	3.996	0.597	3.996	0.581	Top	0.0
URL	QFN 5x9	0.984	2.343	0.984	2.343	1.079	2.209	Top	180.0
Lr04c07	PLCC-6	2.252	1.614	2.252	1.614	2.185	1.654	Top	0.0
Lr03c07	PLCC-6	2.252	1.398	2.252	1.398	2.185	1.437	Top	0.0
MP1	SO8	1.240	0.267	1.350	0.192	1.350	0.192	Top	90.0
Lr00c09	PLCC-6	2.764	0.748	2.764	0.748	2.697	0.787	Top	0.0
J1	Pi Zero Mounting	4.605	1.312	4.173	1.339	4.576	0.389	Bottom	-90.0
RGMFF	0603	1.858	2.069	1.858	2.069	1.858	2.039	Top	180.0
Lr01c14	PLCC-6	4.043	0.965	4.043	0.965	3.976	1.004	Top	0.0
CSS2	0603	2.521	0.100	2.521	0.100	2.492	0.100	Top	90.0
RRMTS	0603	2.504	2.069	2.504	2.069	2.504	2.098	Top	0.0
Lr03c08	PLCC-6	2.508	1.398	2.508	1.398	2.441	1.437	Top	0.0
RGLTS	0603	0.606	2.069	0.606	2.069	0.606	2.098	Top	0.0
LRL	Ind	1.028	2.480	1.028	2.480	1.028	2.362	Bottom	180.0
RRRFF	0603	3.772	2.069	3.772	2.069	3.772	2.039	Top	180.0
RGRTS	0603	3.441	2.069	3.441	2.069	3.441	2.098	Top	0.0
LGR	Ind	3.390	2.484	3.390	2.484	3.390	2.366	Bottom	180.0
RGLRT	0603	0.331	2.069	0.331	2.069	0.331	2.098	Top	0.0
CIIMON	0402a	1.752	0.210	1.752	0.210	1.752	0.226	Top	180.0
Lr05c15	PLCC-6	4.299	1.831	4.299	1.831	4.232	1.870	Top	0.0
CRRG	0603	3.844	2.043	3.844	2.043	3.874	2.043	Top	-90.0
Lr02c11	PLCC-6	3.276	1.181	3.276	1.181	3.209	1.220	Top	0.0
Lr04c05	PLCC-6	1.740	1.614	1.740	1.614	1.673	1.654	Top	0.0
RGRRT	0603	3.165	2.069	3.165	2.069	3.165	2.098	Top	0.0
Lr02c12	PLCC-6	3.531	1.181	3.531	1.181	3.465	1.220	Top	0.0
Lr04c10	PLCC-6	3.020	1.614	3.020	1.614	2.953	1.654	Top	0.0
DRM	PowerDi	2.543	2.197	2.543	2.244	2.543	2.244	Bottom	-90.0
Lr00c05	PLCC-6	1.740	0.748	1.740	0.748	1.673	0.787	Top	0.0
CRMIN	0805	2.543	2.067	2.543	2.067	2.543	2.030	Bottom	180.0
Lr04c00	PLCC-6	0.480	1.614	0.480	1.614	0.413	1.654	Top	0.0
UGL	QFN 5x9	0.512	2.343	0.512	2.343	0.606	2.209	Top	180.0
CBU4S	0603	4.173	0.384	4.173	0.384	4.173	0.354	Top	-180.0
CBU4D	0603	4.173	0.482	4.173	0.482	4.173	0.512	Top	0.0
Lr03c12	PLCC-6	3.531	1.398	3.531	1.398	3.465	1.437	Top	0.0
Lr01c06	PLCC-6	1.996	0.965	1.996	0.965	1.929	1.004	Top	0.0
Lr02c15	PLCC-6	4.299	1.181	4.299	1.181	4.232	1.220	Top	0.0
RRLTS	0603	1.087	2.069	1.087	2.069	1.087	2.098	Top	0.0
Lr05c14	PLCC-6	4.043	1.831	4.043	1.831	3.976	1.870	Top	0.0
Lr02c09	PLCC-6	2.764	1.181	2.764	1.181	2.697	1.220	Top	0.0
CGM	Cap2917	1.756	2.274	1.756	2.274	1.756	2.274	Bottom	90.0
RRMISP	0805	2.228	2.559	2.228	2.559	2.228	2.596	Bottom	0.0
RRLISP	0805	0.811	2.559	0.811	2.559	0.811	2.596	Bottom	0.0
Lr04c11	PLCC-6	3.276	1.614	3.276	1.614	3.209	1.654	Top	0.0
CSENSE	0402a	0.834	0.256	0.834	0.256	0.817	0.256	Top	-90.0
CBMG	0603	2.892	2.043	2.892	2.043	2.921	2.043	Top	-90.0
UBM	QFN 5x9	2.874	2.343	2.874	2.343	2.969	2.209	Top	180.0
RBRSET	0603	4.441	2.069	4.441	2.069	4.441	2.098	Top	0.0
Lr01c10	PLCC-6	3.016	0.965	3.016	0.965	2.949	1.004	Top	0.0
RRLFG	0603	0.882	2.069	0.882	2.069	0.882	2.098	Top	0.0
CO1	0805	2.669	0.315	2.669	0.315	2.669	0.352	Top	0.0
URM	QFN 5x9	2.402	2.343	2.402	2.343	2.496	2.209	Top	180.0
Lr01c15	PLCC-6	4.299	0.965	4.299	0.965	4.232	1.004	Top	0.0
RRMRT	0603	2.244	2.069	2.244	2.069	2.244	2.098	Top	0.0
CBOUT2	0805	0.996	0.226	0.996	0.226	1.033	0.226	Top	-90.0
RGLSET	0603	0.721	2.174	0.721	2.174	0.721	2.203	Bottom	0.0
Lr05c10	PLCC-6	3.020	1.831	3.020	1.831	2.953	1.870	Top	0.0
Lr04c15	PLCC-6	4.299	1.614	4.299	1.614	4.232	1.654	Top	0.0
CRLIN	0805	1.126	2.067	1.126	2.067	1.126	2.030	Bottom	180.0
Lr02c03	PLCC-6	1.228	1.181	1.228	1.181	1.161	1.220	Top	0.0
URR	QFN 5x9	3.819	2.343	3.819	2.343	3.913	2.209	Top	180.0
RGMRT	0603	1.748	2.069	1.748	2.069	1.748	2.098	Top	0.0
RGMTS	0603	2.024	2.069	2.024	2.069	2.024	2.098	Top	0.0
LGM	Ind	1.972	2.484	1.972	2.484	1.972	2.366	Bottom	180.0
CBMCC	0805	2.921	2.589	2.921	2.589	2.884	2.589	Top	90.0
DRL	PowerDi	1.126	2.197	1.126	2.244	1.126	2.244	Bottom	-90.0
RCX	0402a	1.762	0.342	1.762	0.342	1.762	0.325	Top	0.0
RFBGO	0402a	1.476	0.253	1.476	0.253	1.476	0.236	Bottom	0.0
ROFB	0402a	1.437	0.219	1.437	0.219	1.437	0.203	Bottom	0.0
RSM	0402a	0.856	0.210	0.856	0.210	0.856	0.193	Top	0.0
CBLSS	0603	1.215	2.074	1.215	2.074	1.245	2.074	Bottom	-90.0
Lr01c00	PLCC-6	0.480	0.965	0.480	0.965	0.413	1.004	Top	0.0
RCC	0402a	1.575	0.101	1.575	0.101	1.575	0.118	Top	180.0
DGL	PowerDi	0.654	2.201	0.654	2.248	0.654	2.248	Bottom	-90.0
Lr02c01	PLCC-6	0.736	1.181	0.736	1.181	0.669	1.220	Top	0.0
Lr05c04	PLCC-6	1.484	1.831	1.484	1.831	1.417	1.870	Top	0.0
CRL	Cap2917	0.811	2.270	0.811	2.270	0.811	2.270	Bottom	90.0
CBL	Cap2917	1.283	2.274	1.283	2.274	1.283	2.274	Bottom	90.0
Lr03c10	PLCC-6	3.020	1.398	3.020	1.398	2.953	1.437	Top	0.0
Lr02c00	PLCC-6	0.480	1.181	0.480	1.181	0.413	1.220	Top	0.0
Lr03c13	PLCC-6	3.787	1.398	3.787	1.398	3.720	1.437	Top	0.0
CBU5	0603	3.927	0.344	3.927	0.344	3.957	0.344	Top	-90.0
Lr00c14	PLCC-6	4.043	0.748	4.043	0.748	3.976	0.787	Top	0.0
RBRRT	0603	4.151	2.064	4.151	2.064	4.180	2.064	Bottom	-90.0
CGLCC	0805	0.559	2.589	0.559	2.589	0.522	2.589	Top	90.0
CBIAS	0603	1.614	0.404	1.614	0.404	1.585	0.404	Top	90.0
Lr00c00	PLCC-6	0.480	0.748	0.480	0.748	0.413	0.787	Top	0.0
R86FBF	0402a	0.731	0.226	0.731	0.226	0.715	0.226	Top	-90.0
RBRISP	0805	4.118	2.563	4.118	2.563	4.118	2.600	Bottom	0.0
CBMIN	0805	3.016	2.071	3.016	2.071	3.016	2.033	Bottom	180.0
CO2	0805	2.669	0.200	2.669	0.200	2.669	0.163	Top	-180.0
RRTCLK	0402a	3.789	0.621	3.789	0.621	3.789	0.638	Top	180.0
U5	DHVQFN16	3.965	0.453	3.965	0.453	3.974	0.392	Top	180.0
CRR	Cap2917	3.646	2.270	3.646	2.270	3.646	2.270	Bottom	90.0
DRR	PowerDi	3.961	2.197	3.961	2.244	3.961	2.244	Bottom	-90.0
RBRFG	0603	4.181	2.069	4.181	2.069	4.181	2.098	Top	0.0
CRRCC	0805	3.866	2.589	3.866	2.589	3.829	2.589	Top	90.0
RBRFF	0603	4.236	2.069	4.236	2.069	4.236	2.039	Top	180.0
MRR	SO8	3.818	2.138	3.893	2.028	3.893	2.028	Bottom	0.0
LRR	Ind	3.862	2.480	3.862	2.480	3.862	2.362	Bottom	180.0
Lr01c09	PLCC-6	2.764	0.965	2.764	0.965	2.697	1.004	Top	0.0
Lr04c09	PLCC-6	2.764	1.614	2.764	1.614	2.697	1.654	Top	0.0
CBRG	0603	4.309	2.043	4.309	2.043	4.339	2.043	Top	-90.0
LBM	Ind	2.917	2.484	2.917	2.484	2.917	2.366	Bottom	180.0
RBMTS	0603	2.968	2.089	2.968	2.089	2.968	2.119	Top	0.0
RBMSET	0603	3.024	2.069	3.024	2.069	3.024	2.098	Top	0.0
RMH	0402a	2.313	0.338	2.313	0.338	2.313	0.354	Top	180.0
CRRIN	0805	3.961	2.067	3.961	2.067	3.961	2.030	Bottom	180.0
RBMRT	0603	2.733	2.064	2.733	2.064	2.763	2.064	Bottom	-90.0
RCL	0402a	1.732	0.342	1.732	0.342	1.732	0.325	Top	0.0
CI2	0805	2.395	0.179	2.395	0.179	2.433	0.179	Bottom	-90.0
Lr02c13	PLCC-6	3.787	1.181	3.787	1.181	3.720	1.220	Top	0.0
CIB	0603	1.683	0.098	1.683	0.098	1.654	0.098	Top	90.0
RGLISP	0805	0.316	2.550	0.316	2.550	0.316	2.587	Bottom	0.0
Lr00c11	PLCC-6	3.276	0.748	3.276	0.748	3.209	0.787	Top	0.0
Lr05c13	PLCC-6	3.787	1.831	3.787	1.831	3.720	1.870	Top	0.0
CRLCC	0805	1.031	2.589	1.031	2.589	0.994	2.589	Top	90.0
CGL	Cap2917	0.339	2.274	0.339	2.274	0.339	2.274	Bottom	90.0
CGMG	0603	1.947	2.043	1.947	2.043	1.976	2.043	Top	-90.0
CBLG	0603	1.474	2.043	1.474	2.043	1.504	2.043	Top	-90.0
RML	0402a	2.313	0.265	2.313	0.265	2.313	0.281	Top	180.0
CBOUT1	0805	0.986	0.177	0.986	0.177	1.024	0.177	Bottom	-90.0
LBOOST	Ind	1.220	0.236	1.220	0.236	1.220	0.118	Bottom	180.0
RBMFG	0603	2.764	2.069	2.764	2.069	2.764	2.098	Top	0.0
RSENSE	0805	0.819	0.108	0.819	0.108	0.781	0.108	Bottom	90.0
CGLIN	0805	0.654	2.071	0.654	2.071	0.654	2.033	Bottom	180.0
MBL	SO8	1.455	2.141	1.530	2.031	1.530	2.031	Bottom	0.0
Lr03c02	PLCC-6	0.992	1.398	0.992	1.398	0.925	1.437	Top	0.0
Lr05c12	PLCC-6	3.531	1.831	3.531	1.831	3.465	1.870	Top	0.0
RBMFF	0603	2.819	2.069	2.819	2.069	2.819	2.039	Top	180.0
Lr05c05	PLCC-6	1.740	1.831	1.740	1.831	1.673	1.870	Top	0.0
Lr00c08	PLCC-6	2.508	0.748	2.508	0.748	2.441	0.787	Top	0.0
Lr00c01	PLCC-6	0.736	0.748	0.736	0.748	0.669	0.787	Top	0.0
MRM	SO8	2.400	2.138	2.475	2.028	2.475	2.028	Bottom	0.0
Lr05c11	PLCC-6	3.276	1.831	3.276	1.831	3.209	1.870	Top	0.0
RBLTS	0603	1.551	2.089	1.551	2.089	1.551	2.119	Top	0.0
Lr01c11	PLCC-6	3.276	0.965	3.276	0.965	3.209	1.004	Top	0.0
RGMSET	0603	2.138	2.174	2.138	2.174	2.138	2.203	Bottom	0.0
DB1	BAS140	0.620	0.344	0.620	0.344	0.620	0.344	Top	0.0
RGRFF	0603	3.276	2.069	3.276	2.069	3.276	2.039	Top	180.0
DBR	PowerDi	4.433	2.201	4.433	2.248	4.433	2.248	Bottom	-90.0
RCS11	0402a	4.193	0.597	4.193	0.597	4.193	0.581	Top	0.0
RCS13	0402a	4.114	0.597	4.114	0.597	4.114	0.581	Top	0.0
RCS12	0402a	4.154	0.597	4.154	0.597	4.154	0.581	Top	0.0
Lr04c14	PLCC-6	4.043	1.614	4.043	1.614	3.976	1.654	Top	0.0
Lr04c02	PLCC-6	0.992	1.614	0.992	1.614	0.925	1.654	Top	0.0
RGRFG	0603	3.220	2.069	3.220	2.069	3.220	2.098	Top	0.0
RBLISP	0805	1.283	2.563	1.283	2.563	1.283	2.600	Bottom	0.0
Lr00c15	PLCC-6	4.299	0.748	4.299	0.748	4.232	0.787	Top	0.0
CVCC	0603	0.915	0.413	0.915	0.413	0.886	0.413	Top	90.0
Lr02c07	PLCC-6	2.252	1.181	2.252	1.181	2.185	1.220	Top	0.0
RRMFF	0603	2.354	2.069	2.354	2.069	2.354	2.039	Top	180.0
Lr02c14	PLCC-6	4.043	1.181	4.043	1.181	3.976	1.220	Top	0.0
Lr03c00	PLCC-6	0.480	1.398	0.480	1.398	0.413	1.437	Top	0.0
Lr00c07	PLCC-6	2.252	0.748	2.252	0.748	2.185	0.787	Top	0.0
RRRRT	0603	3.661	2.069	3.661	2.069	3.661	2.098	Top	0.0
Lr05c08	PLCC-6	2.508	1.831	2.508	1.831	2.441	1.870	Top	0.0
Lr02c05	PLCC-6	1.740	1.181	1.740	1.181	1.673	1.220	Top	0.0
Lr00c12	PLCC-6	3.531	0.748	3.531	0.748	3.465	0.787	Top	0.0
RFBGB	0402a	1.437	0.288	1.437	0.288	1.437	0.272	Bottom	0.0
MGL	SO8	0.510	2.141	0.585	2.031	0.585	2.031	Bottom	0.0
U2	UD16 (3x3QFN)	0.787	0.344	0.787	0.344	0.758	0.289	Top	90.0
Lr03c06	PLCC-6	1.996	1.398	1.996	1.398	1.929	1.437	Top	0.0
CGMSS	0603	1.774	2.079	1.774	2.079	1.803	2.079	Bottom	-90.0
CBRCC	0805	4.339	2.589	4.339	2.589	4.301	2.589	Top	90.0
RRLFF	0603	0.937	2.069	0.937	2.069	0.937	2.039	Top	180.0
CGMCC	0805	1.976	2.589	1.976	2.589	1.939	2.589	Top	90.0
J3	USB A	3.186	0.445	3.186	0.481	3.324	0.481	Bottom	0.0
CBR	Cap2917	4.118	2.274	4.118	2.274	4.118	2.274	Bottom	90.0
Lr01c04	PLCC-6	1.484	0.965	1.484	0.965	1.417	1.004	Top	0.0
Lr04c04	PLCC-6	1.484	1.614	1.484	1.614	1.417	1.654	Top	0.0
RCS0	0402a	3.917	0.558	3.917	0.558	3.917	0.541	Top	0.0
CBFCIN	Cap2917	0.579	0.492	0.579	0.492	0.579	0.492	Bottom	0.0
RGMISP	0805	1.733	2.560	1.733	2.560	1.733	2.597	Bottom	0.0
CI1	0805	2.395	0.336	2.395	0.336	2.433	0.336	Bottom	-90.0
